2.187300000000000000e+04
2.214900000000000000e+04
2.165300000000000000e+04
2.103600000000000000e+04
4.323600000000000000e+04
4.491800000000000000e+04
4.616600000000000000e+04
4.713500000000000000e+04
4.791400000000000000e+04
4.869500000000000000e+04
4.966700000000000000e+04
5.092400000000000000e+04
5.261300000000000000e+04
3.367800000000000000e+04
3.300500000000000000e+04
3.246900000000000000e+04
3.270900000000000000e+04
3.869500000000000000e+04
3.939200000000000000e+04
3.978200000000000000e+04
3.998700000000000000e+04
4.015400000000000000e+04
4.089300000000000000e+04
4.105900000000000000e+04
4.126700000000000000e+04
4.166100000000000000e+04
4.236700000000000000e+04
8.161000000000000000e+03
8.177000000000000000e+03
8.187000000000000000e+03
8.192000000000000000e+03
6.515000000000000000e+03
7.243000000000000000e+03
8.204000000000000000e+03
9.163000000000000000e+03
9.883000000000000000e+03
2.215000000000000000e+03
3.886000000000000000e+03
4.920000000000000000e+03
5.828000000000000000e+03
4.801000000000000000e+03
3.640000000000000000e+03
1.045500000000000000e+04
1.135300000000000000e+04
1.238300000000000000e+04
1.406600000000000000e+04
1.265300000000000000e+04
1.149200000000000000e+04
5.522000000000000000e+03
6.025000000000000000e+03
7.495000000000000000e+03
8.215000000000000000e+03
8.935000000000000000e+03
1.039500000000000000e+04
1.079500000000000000e+04
9.555000000000000000e+03
8.836000000000000000e+03
8.236000000000000000e+03
7.636000000000000000e+03
6.915000000000000000e+03
5.909000000000000000e+03
7.384000000000000000e+03
8.223000000000000000e+03
9.064000000000000000e+03
1.053700000000000000e+04
8.829000000000000000e+03
8.229000000000000000e+03
7.629000000000000000e+03
